-3.719208 4.836028
-1.222415 1.199312
4.148405 -2.712440
0.156956 5.611960
-4.981286 0.227166
-2.064242 4.420164
0.291663 -0.686345
-2.677110 3.494797
1.754693 1.604265
-1.981675 -1.823361
2.237671 -2.895437
-5.255304 -1.422846
-1.639713 0.584840
-0.115475 -1.455433
-1.110812 5.209909
-3.372232 2.646584
-4.508366 -2.789823
1.712276 -2.804964
-2.294028 -0.564493
0.752563 -4.539449
3.967678 3.757324
5.804046 3.125110
-2.090893 2.084448
1.611312 1.623693
-5.906570 -1.365785
1.062533 1.133981
-0.822204 -5.318589
0.016848 1.559072
0.129580 -1.442211
-5.900053 -5.509221
-0.773552 8.087634
-1.175210 4.975497
-3.413072 0.333457
-3.660820 -2.018793
-4.194409 1.929374
-1.432388 4.125575
-3.776692 -4.874105
0.778432 -2.990840
-0.447831 -4.330554
-4.001412 1.974180
-0.966110 1.780704
-1.141862 3.173869
-3.638263 1.406102
-0.302096 2.457273
-0.563614 -0.908347
-0.069152 -2.998092
-4.884221 1.976406
-0.751971 -2.920373
-3.605482 -2.181172
-1.198361 1.315590
-1.288619 -3.677059
-6.628996 2.203921
1.890499 2.022002
0.413388 -0.843474
-3.583503 -3.634514
3.207539 -6.584092
2.041372 -0.953219
4.218976 0.370704
-1.111441 1.778663
0.079989 -0.495050
-0.268044 0.601624
6.126435 0.833421
3.494388 -1.700514
-2.746133 -1.259783
-1.961090 1.413906
-1.936717 4.572437
0.964791 -4.234709
-1.218515 -4.479322
-4.092325 1.765135
3.031365 1.546925
0.367750 4.049212
-4.386887 4.216608
3.429797 -1.228995
2.588779 1.885878
4.463931 5.298444
3.850298 3.765344
1.159161 -1.790637
0.286901 6.831551
-0.447583 -1.540461
-0.468963 -5.862856
0.130891 -1.232303
-3.339451 -3.909294
-2.422752 3.882349
3.952653 -4.440283
-2.386505 0.870201
1.000016 -0.806442
-3.346927 -2.312915
1.397175 -8.041949
-2.226535 1.204735
0.575443 2.820501
-3.907617 -1.662207
2.641123 1.000507
5.158169 2.737464
-0.038164 3.346598
0.828080 -7.838484
0.996009 -1.909001
2.046216 0.531279
-2.134825 -2.362631
-2.466947 0.986602
-1.551312 0.964780
-3.170076 -3.996661
1.575777 -1.591763
0.375563 2.532476
-0.832685 1.234871
-1.064367 1.070906
0.382966 -0.469751
1.846857 -1.807801
-0.534979 -1.321223
-1.019965 -0.209899
-3.288664 0.862214
2.841997 -4.043086
-1.576704 -0.357692
2.902295 5.670710
-1.315314 -2.250872
-1.700926 0.059051
4.187583 1.650195
-3.125090 0.283845
-1.739576 2.790192
-4.289237 1.421345
-0.301849 1.516766
-0.280776 -2.117476
0.595235 1.270495
2.094957 2.375474
-2.198654 0.926788
-1.721060 -1.979257
8.220868 1.337329
2.583797 1.898276
-0.765508 1.523251
-0.168504 -0.657549
2.420666 2.699909
2.526877 -2.012337
-4.683915 4.886740
7.262358 -1.486530
-1.367072 -2.560827
-0.999014 3.254792
-5.270984 -0.541029
1.625055 0.781971
2.336435 -3.574890
-1.537393 -0.725836
-4.291005 6.763656
5.338288 -2.219789
0.826341 0.720767
0.701835 -3.179263
-1.892733 1.077472
0.624106 -1.741867
-4.686242 -5.186097
1.837883 0.768677
0.551122 5.626871
-0.033815 1.978787
2.504869 5.976283
0.926759 1.225506
0.610667 0.001887
-0.491486 0.802028
3.072955 -4.130518
1.802413 -2.833944
6.079997 -1.853614
0.465279 -4.538789
5.440112 4.344940
-2.556390 1.259331
2.951100 8.090030
2.883176 -0.431939
2.277782 -5.169930
-4.059895 2.131797
2.300787 0.196128
4.745688 2.018719
-3.772110 -0.729111
3.147473 0.387434
4.031264 0.153472
-2.672460 0.478344
-0.610390 3.489334
4.376561 -4.498232
0.559145 -2.950148
-0.209253 -3.219368
2.122849 -5.112481
-2.306348 5.442984
2.369616 0.414809
-2.445400 5.311695
2.395061 3.164555
-5.132064 1.534833
-1.380369 1.133208
-0.225000 -2.871592
-0.433674 2.107173
-5.419936 -3.000502
-1.231333 -2.541774
4.289075 -2.703014
-2.312940 0.673673
1.331538 -1.435872
6.014642 -6.340721
1.750329 -1.146718
3.846057 1.890536
4.486550 1.897490
0.613319 -0.121813
0.827330 -0.108517
2.713278 -2.128146
-1.596780 2.530177
-1.506682 -1.850189
3.393274 -2.364100
2.381773 -0.831194
0.084077 -4.491133
5.826780 -1.292839
-3.719208 54.836028
-1.222415 51.199312
4.148405 47.287560
0.156956 55.611960
-4.981286 50.227166
-2.064242 54.420164
0.291663 49.313655
-2.677110 53.494797
1.754693 51.604265
-1.981675 48.176639
2.237671 47.104563
-5.255304 48.577154
-1.639713 50.584840
-0.115475 48.544567
-1.110812 55.209909
-3.372232 52.646584
-4.508366 47.210177
1.712276 47.195036
-2.294028 49.435507
0.752563 45.460551
3.967678 53.757324
5.804046 53.125110
-2.090893 52.084448
1.611312 51.623693
-5.906570 48.634215
1.062533 51.133981
-0.822204 44.681411
0.016848 51.559072
0.129580 48.557789
-5.900053 44.490779
-0.773552 58.087634
-1.175210 54.975497
-3.413072 50.333457
-3.660820 47.981207
-4.194409 51.929374
-1.432388 54.125575
-3.776692 45.125895
0.778432 47.009160
-0.447831 45.669446
-4.001412 51.974180
-0.966110 51.780704
-1.141862 53.173869
-3.638263 51.406102
-0.302096 52.457273
-0.563614 49.091653
-0.069152 47.001908
-4.884221 51.976406
-0.751971 47.079627
-3.605482 47.818828
-1.198361 51.315590
-1.288619 46.322941
-6.628996 52.203921
1.890499 52.022002
0.413388 49.156526
-3.583503 46.365486
3.207539 43.415908
2.041372 49.046781
4.218976 50.370704
-1.111441 51.778663
0.079989 49.504950
-0.268044 50.601624
6.126435 50.833421
3.494388 48.299486
-2.746133 48.740217
-1.961090 51.413906
-1.936717 54.572437
0.964791 45.765291
-1.218515 45.520678
-4.092325 51.765135
3.031365 51.546925
0.367750 54.049212
-4.386887 54.216608
3.429797 48.771005
2.588779 51.885878
4.463931 55.298444
3.850298 53.765344
1.159161 48.209363
0.286901 56.831551
-0.447583 48.459539
-0.468963 44.137144
0.130891 48.767697
-3.339451 46.090706
-2.422752 53.882349
3.952653 45.559717
-2.386505 50.870201
1.000016 49.193558
-3.346927 47.687085
1.397175 41.958051
-2.226535 51.204735
0.575443 52.820501
-3.907617 48.337793
2.641123 51.000507
5.158169 52.737464
-0.038164 53.346598
0.828080 42.161516
0.996009 48.090999
2.046216 50.531279
-2.134825 47.637369
-2.466947 50.986602
-1.551312 50.964780
46.280792 4.836028
48.777585 1.199312
54.148405 -2.712440
50.156956 5.611960
45.018714 0.227166
47.935758 4.420164
50.291663 -0.686345
47.322890 3.494797
51.754693 1.604265
48.018325 -1.823361
52.237671 -2.895437
44.744696 -1.422846
48.360287 0.584840
49.884525 -1.455433
48.889188 5.209909
46.627768 2.646584
45.491634 -2.789823
51.712276 -2.804964
47.705972 -0.564493
50.752563 -4.539449
53.967678 3.757324
55.804046 3.125110
47.909107 2.084448
51.611312 1.623693
44.093430 -1.365785
51.062533 1.133981
49.177796 -5.318589
50.016848 1.559072
50.129580 -1.442211
44.099947 -5.509221
49.226448 8.087634
48.824790 4.975497
46.586928 0.333457
46.339180 -2.018793
45.805591 1.929374
48.567612 4.125575
46.223308 -4.874105
50.778432 -2.990840
49.552169 -4.330554
45.998588 1.974180
49.033890 1.780704
48.858138 3.173869
46.361737 1.406102
49.697904 2.457273
49.436386 -0.908347
49.930848 -2.998092
45.115779 1.976406
49.248029 -2.920373
46.394518 -2.181172
48.801639 1.315590
48.711381 -3.677059
43.371004 2.203921
51.890499 2.022002
50.413388 -0.843474
46.416497 -3.634514
53.207539 -6.584092
52.041372 -0.953219
54.218976 0.370704
48.888559 1.778663
50.079989 -0.495050
49.731956 0.601624
56.126435 0.833421
53.494388 -1.700514
47.253867 -1.259783
48.038910 1.413906
48.063283 4.572437
50.964791 -4.234709
48.781485 -4.479322
45.907675 1.765135
53.031365 1.546925
50.367750 4.049212
45.613113 4.216608
53.429797 -1.228995
52.588779 1.885878
54.463931 5.298444
53.850298 3.765344
51.159161 -1.790637
50.286901 6.831551
49.552417 -1.540461
49.531037 -5.862856
50.130891 -1.232303
46.660549 -3.909294
47.577248 3.882349
53.952653 -4.440283
47.613495 0.870201
51.000016 -0.806442
46.653073 -2.312915
51.397175 -8.041949
47.773465 1.204735
50.575443 2.820501
46.092383 -1.662207
52.641123 1.000507
55.158169 2.737464
49.961836 3.346598
50.828080 -7.838484
50.996009 -1.909001
52.046216 0.531279
47.865175 -2.362631
47.533053 0.986602
48.448688 0.964780
21.280792 29.836028
23.777585 26.199312
29.148405 22.287560
25.156956 30.611960
20.018714 25.227166
22.935758 29.420164
25.291663 24.313655
22.322890 28.494797
26.754693 26.604265
23.018325 23.176639
27.237671 22.104563
19.744696 23.577154
23.360287 25.584840
24.884525 23.544567
23.889188 30.209909
21.627768 27.646584
20.491634 22.210177
26.712276 22.195036
22.705972 24.435507
25.752563 20.460551
28.967678 28.757324
30.804046 28.125110
22.909107 27.084448
26.611312 26.623693
19.093430 23.634215
26.062533 26.133981
24.177796 19.681411
25.016848 26.559072
25.129580 23.557789
19.099947 19.490779
24.226448 33.087634
23.824790 29.975497
21.586928 25.333457
21.339180 22.981207
20.805591 26.929374
23.567612 29.125575
21.223308 20.125895
25.778432 22.009160
24.552169 20.669446
20.998588 26.974180
24.033890 26.780704
23.858138 28.173869
21.361737 26.406102
24.697904 27.457273
24.436386 24.091653
24.930848 22.001908
20.115779 26.976406
24.248029 22.079627
21.394518 22.818828
23.801639 26.315590
23.711381 21.322941
18.371004 27.203921
26.890499 27.022002
25.413388 24.156526
21.416497 21.365486
28.207539 18.415908
27.041372 24.046781
29.218976 25.370704
23.888559 26.778663
25.079989 24.504950
24.731956 25.601624
31.126435 25.833421
28.494388 23.299486
22.253867 23.740217
23.038910 26.413906
23.063283 29.572437
25.964791 20.765291
23.781485 20.520678
20.907675 26.765135
28.031365 26.546925
25.367750 29.049212
20.613113 29.216608
28.429797 23.771005
27.588779 26.885878
29.463931 30.298444
28.850298 28.765344
26.159161 23.209363
25.286901 31.831551
24.552417 23.459539
24.531037 19.137144
25.130891 23.767697
21.660549 21.090706
22.577248 28.882349
28.952653 20.559717
22.613495 25.870201
26.000016 24.193558
21.653073 22.687085
26.397175 16.958051
22.773465 26.204735
25.575443 27.820501
21.092383 23.337793
27.641123 26.000507
30.158169 27.737464
24.961836 28.346598
25.828080 17.161516
25.996009 23.090999
27.046216 25.531279
22.865175 22.637369
22.533053 25.986602
23.448688 25.964780
