-6.198680 8.060047
-2.037359 1.998853
6.914008 -4.520733
0.261594 9.353267
-8.302144 0.378609
-3.440403 7.366940
0.486105 -1.143908
-4.461850 5.824661
2.924488 2.673774
-3.302791 -3.038935
3.729451 -4.825729
-8.758840 -2.371411
-2.732855 0.974734
-0.192459 -2.425722
-1.851353 8.683182
-5.620387 4.410974
-7.513944 -4.649706
2.853793 -4.674940
-3.823380 -0.940822
1.254271 -7.565749
6.612796 6.262207
9.673410 5.208517
-3.484822 3.474079
2.685521 2.706154
-9.844283 -2.276308
1.770888 1.889969
-1.370339 -8.864315
0.028080 2.598453
0.215966 -2.403685
-9.833422 -9.182034
-1.289254 13.479391
-1.958683 8.292496
-5.688453 0.555762
-6.101366 -3.364655
-6.990681 3.215624
-2.387314 6.875959
-6.294486 -8.123508
1.297387 -4.984733
-0.746384 -7.217590
-6.669021 3.290300
-1.610184 2.967839
-1.903104 5.289781
-6.063771 2.343504
-0.503493 4.095455
-0.939357 -1.513912
-0.115253 -4.996820
-8.140368 3.294010
-1.253286 -4.867288
-6.009137 -3.635287
-1.997268 2.192651
-2.147698 -6.128432
-11.048327 3.673202
3.150831 3.370004
0.688980 -1.405791
-5.972505 -6.057523
5.345898 -10.973487
3.402286 -1.588698
7.031626 0.617841
-1.852401 2.964438
0.133315 -0.825083
-0.446740 1.002707
10.210724 1.389034
5.823980 -2.834189
-4.576888 -2.099638
-3.268483 2.356510
-3.227862 7.620729
1.607985 -7.057849
-2.030858 -7.465536
-6.820542 2.941891
5.052275 2.578208
0.612917 6.748686
-7.311478 7.027680
5.716328 -2.048325
4.314632 3.143129
7.439885 8.830740
6.417164 6.275574
1.931935 -2.984395
0.478168 11.385918
-0.745972 -2.567435
-0.781605 -9.771427
0.218152 -2.053839
-5.565752 -6.515489
-4.037920 6.470582
6.587755 -7.400472
-3.977508 1.450336
1.666693 -1.344070
-5.578211 -3.854859
2.328626 -13.403249
-3.710891 2.007891
0.959071 4.700834
-6.512696 -2.770345
4.401872 1.667512
8.596948 4.562440
-0.063607 5.577664
1.380133 -13.064140
1.660015 -3.181669
3.410361 0.885465
-3.558042 -3.937719
-4.111578 1.644336
-2.585519 1.607966
-5.283460 -6.661102
2.626295 -2.652938
0.625938 4.220793
-1.387809 2.058118
-1.773945 1.784843
0.638276 -0.782919
3.078094 -3.013001
-0.891632 -2.202038
-1.699942 -0.349831
-5.481107 1.437023
4.736661 -6.738477
-2.627841 -0.596153
4.837158 9.451183
-2.192191 -3.751454
-2.834877 0.098419
6.979305 2.750325
-5.208483 0.473075
-2.899294 4.650320
-7.148729 2.368908
-0.503081 2.527943
-0.467959 -3.529127
0.992058 2.117492
3.491595 3.959124
-3.664423 1.544646
-2.868434 -3.298761
13.701447 2.228882
4.306329 3.163793
-1.275846 2.538751
-0.280840 -1.095915
4.034444 4.499848
4.211461 -3.353895
-7.806525 8.144567
12.103931 -2.477550
-2.278454 -4.268045
-1.665023 5.424653
-8.784974 -0.901715
2.708425 1.303285
3.894058 -5.958149
-2.562322 -1.209726
-7.151675 11.272760
8.897146 -3.699649
1.377234 1.201278
1.169726 -5.298772
-3.154556 1.795787
1.040176 -2.903111
-7.810403 -8.643496
3.063138 1.281129
0.918537 9.378118
-0.056358 3.297978
4.174781 9.960472
1.544598 2.042509
1.017779 0.003144
-0.819143 1.336714
5.121592 -6.884197
3.004022 -4.723240
10.133328 -3.089357
0.775465 -7.564648
9.066853 7.241567
-4.260651 2.098884
4.918501 13.483383
4.805293 -0.719898
3.796304 -8.616550
-6.766491 3.552995
3.834645 0.326880
7.909480 3.364532
-6.286850 -1.215184
5.245788 0.645723
6.718774 0.255787
-4.454101 0.797240
-1.017316 5.815557
7.294269 -7.497054
0.931909 -4.916914
-0.348755 -5.365613
3.538082 -8.520802
-3.843913 9.071639
3.949360 0.691349
-4.075666 8.852824
3.991768 5.274259
-8.553440 2.558055
-2.300614 1.888681
-0.375000 -4.785987
-0.722790 3.511956
-9.033227 -5.000837
-2.052221 -4.236290
7.148459 -4.505023
-3.854899 1.122788
2.219229 -2.393120
10.024404 -10.567868
2.917216 -1.911196
6.410095 3.150893
7.477583 3.162484
1.022198 -0.203022
1.378883 -0.180862
4.522129 -3.546910
-2.661301 4.216961
-2.511136 -3.083649
5.655457 -3.940167
3.969622 -1.385323
0.140128 -7.485222
9.711301 -2.154731
-4.498359 25.852551
2.765019 24.239866
-5.326486 30.347046
1.428464 22.510791
2.227836 24.949359
5.655900 18.587432
-1.252258 16.686731
1.235219 22.993805
2.920403 22.079028
4.672300 22.946033
-6.822713 18.730998
-0.410453 29.656015
3.890671 23.944086
-1.544689 26.645321
7.167775 37.354740
4.312207 21.964010
2.403774 22.554084
-11.650934 23.908122
2.484943 31.744328
-1.083876 28.681489
-1.550635 23.148503
2.276204 30.743863
-7.728037 26.571742
-5.610696 20.985978
-5.206254 28.890039
-2.903664 28.876384
6.151668 22.594200
-1.265034 25.355935
-7.157559 21.050584
-10.394730 26.014804
16.443751 21.163180
6.386785 24.726407
-0.964346 30.561796
-1.252475 24.531256
-5.481092 33.231049
5.579545 21.853195
13.005128 25.701353
7.600044 32.109566
-0.595631 18.205111
0.970445 16.073471
0.929659 28.056607
8.252955 17.217153
2.501363 17.500154
6.932424 24.004340
0.138415 18.579144
2.756907 26.909741
3.113736 30.871202
4.850378 29.611000
-1.847187 22.365961
14.945370 29.309686
4.147758 26.150956
-3.910629 24.075963
-0.256727 27.792030
-7.057390 28.505891
-7.385263 30.938327
0.301062 20.814696
-3.917828 29.136315
9.669455 24.014901
-0.461661 22.107690
6.608703 27.862853
-4.293339 18.757200
1.158514 21.596748
10.961613 24.911534
7.680502 20.218248
-3.882670 27.843795
-1.516834 20.621984
2.968877 26.966038
-2.223228 26.356408
3.226878 22.457543
0.097336 17.014333
-10.144802 20.936767
-3.084433 16.979746
-4.715574 28.189851
-2.528744 24.008807
-8.939732 25.893091
2.441706 18.816073
1.013574 25.036043
-2.511802 27.668794
6.491493 17.186583
-1.278153 26.458968
3.184280 28.399335
7.178285 15.899156
-5.236144 21.802690
2.145287 21.691923
-3.996296 17.685650
4.473463 28.545725
-0.547406 28.926467
5.270602 26.147594
3.523511 25.176842
3.851925 31.349622
3.747882 18.455062
4.090537 24.389410
8.891470 30.540507
-6.443498 38.721958
1.738706 24.392861
-2.175745 20.449661
-0.841824 32.364972
-0.954305 18.458842
-0.893067 21.960589
-0.500150 27.935634
-3.596103 22.900021
0.446327 27.269750
-6.587951 20.754627
-4.282657 17.531920
0.279674 23.332697
2.946883 33.771252
2.338413 29.921183
-10.328872 23.009857
3.290641 27.772002
-3.008189 23.821531
-6.155679 22.309344
8.510396 23.870306
-2.908897 27.363749
-0.879483 21.032435
2.255162 29.027329
7.535726 24.650988
-2.829834 28.093360
-0.888452 19.664671
-1.108395 25.112513
-10.164114 25.593470
7.126747 19.824159
-3.259268 26.836213
1.990792 25.266462
0.933602 26.586898
3.947372 20.560040
5.434588 30.701085
-0.815805 23.794284
0.925324 30.276648
-0.241463 20.869201
-2.697473 29.970924
-9.339846 22.971658
5.424830 19.790925
1.043751 19.024759
-0.557328 20.890143
0.830579 25.971841
-2.087348 28.690271
-2.545519 20.280812
2.391657 15.832165
-1.168102 31.751133
-4.727273 28.129693
1.416733 22.967906
12.138356 16.928616
-7.250273 24.616671
-3.541741 26.468995
3.821095 19.158451
-1.808107 24.369727
1.464590 23.717274
5.536427 30.656328
8.451464 22.623315
1.785287 21.055593
-3.169400 23.694784
-2.194423 23.942304
4.904922 18.350823
-7.378795 20.673294
4.363098 21.196552
-7.432646 24.889912
2.223329 26.828555
-2.741522 20.013415
3.787842 16.677297
-4.635270 21.669797
15.469026 27.432573
4.631031 30.049232
-4.446678 11.326043
7.916551 29.962591
7.402136 19.450003
-3.258685 13.226855
-0.609731 31.744787
-4.590567 15.491053
4.513015 25.572334
3.662545 26.603047
-7.041130 24.921153
3.585097 33.668255
-2.355011 24.347102
-4.364219 26.947115
-4.539499 28.882447
5.750467 19.500448
1.817496 25.185772
6.688474 32.351377
-9.838795 31.086733
3.602862 23.715736
-5.817102 10.887289
1.508122 24.507524
1.397051 23.351942
4.469498 24.432002
-3.732671 30.757651
0.476243 26.904591
2.568567 15.467915
0.346489 17.759761
-3.373326 28.997563
-11.339087 25.360816
2.999556 19.265024
16.118405 17.045029
-0.454164 34.602153
-6.063741 20.058411
-1.753857 28.971881
-2.890041 23.176826
-8.485762 24.017899
3.752642 14.334401
-1.017933 24.576182
-15.803334 22.033314
17.015585 -2.373008
22.865880 -0.795473
21.693102 -6.375147
31.445962 0.575601
31.244473 1.985827
24.059143 -4.303724
25.326714 6.008974
27.124795 0.914623
28.030838 2.666915
27.929702 4.525606
33.985264 1.206039
26.604758 -1.489978
16.079041 0.244477
18.917161 5.150537
28.884216 -2.829347
20.198761 6.030001
18.553581 -9.608707
19.286368 1.011485
19.911900 -5.978101
23.310661 3.760606
31.067415 -5.201560
22.198277 3.829335
21.592598 0.263685
29.857442 0.023025
22.788516 -5.722768
23.696442 1.100749
30.517940 6.800257
24.445674 -0.903515
25.104727 2.356693
19.814774 12.237361
27.804676 1.028413
30.417329 6.565099
22.538047 -4.226680
27.100848 5.362196
25.847235 12.954494
26.934768 6.247194
25.048321 -4.219308
13.425404 11.924034
29.144796 8.034306
30.895974 2.364074
18.133532 -6.389412
36.289877 0.367458
26.398274 0.028836
22.150718 0.014418
30.260530 6.102470
17.413581 2.499400
27.597193 -4.837216
23.648840 5.791349
19.880464 -8.040827
26.452013 1.111935
19.670957 -6.900626
27.667488 -7.900069
29.293915 -2.968896
27.476065 2.685442
28.183875 3.024961
27.969471 0.537488
25.407255 -0.856248
22.616163 2.889000
24.955742 7.806558
26.912335 -1.010693
22.351683 1.465178
24.294249 -5.593051
22.320328 3.554876
22.933423 0.161140
23.614726 6.238475
24.468663 -5.521253
24.275629 9.693758
27.961066 -3.407711
22.285088 2.786045
15.036978 -1.689681
28.861980 7.738136
24.828442 3.070395
23.179917 2.894546
20.742927 -1.629803
29.529707 5.392156
34.285028 1.574471
23.589353 -5.863983
25.563709 -1.473931
28.401570 -0.260145
21.869115 4.062853
35.058541 -1.307748
31.690594 -7.647493
21.740130 -3.612556
19.348195 -1.724045
21.994667 2.683775
23.247118 5.163831
32.911459 -3.587073
23.612574 -0.049318
28.805047 2.781349
20.634934 4.241207
29.077616 -0.837836
21.626521 -4.279890
25.671502 0.626779
26.949770 5.520073
32.542358 4.181369
34.990660 -6.705401
32.672450 3.674714
26.414099 -11.207606
17.171684 0.478158
26.725375 -2.853838
24.310277 -2.431241
21.389859 -4.768157
24.862002 5.796080
19.638652 -6.001998
27.097670 -3.162196
27.736551 3.478344
28.059524 3.876293
19.736992 1.189641
28.559393 -2.527661
32.002810 5.812105
25.611921 -4.496654
25.943033 -6.645687
16.897388 5.531947
27.062488 3.746273
26.649724 5.877819
26.020882 1.341176
32.206326 -3.482059
25.537118 -6.787281
30.903671 3.725916
20.521726 0.708478
23.465994 3.220844
33.327369 -2.887770
21.739502 6.043965
25.403545 -5.215557
24.530261 -1.849586
30.325442 0.838014
23.856302 -3.672919
24.705585 2.141530
22.346187 -8.304219
18.354746 1.390915
31.549808 8.693914
21.121893 -1.529498
23.369050 -5.844696
22.569949 -1.521269
29.687050 -1.642176
28.771005 5.138416
21.707230 -3.349992
31.063403 2.490448
27.860903 -9.575225
21.319903 6.849432
17.361888 0.834231
17.614961 -3.601525
26.341458 5.061940
29.454801 -7.563764
29.515085 -0.513222
33.541071 1.052969
18.356535 -0.156793
21.287893 4.574574
22.708294 0.981540
27.136725 -6.562014
27.867521 3.895112
32.170296 3.291694
23.331111 0.611400
27.950589 7.958981
22.991960 -8.424782
26.837045 -0.512478
14.317155 2.883176
18.446204 0.965183
16.208183 -2.487551
20.038026 -2.661253
26.014779 4.115031
13.858194 7.118406
19.666272 -7.138416
26.997885 14.306254
19.691024 -3.570784
33.512290 -1.218709
23.978272 0.999102
27.314628 -1.536545
24.204213 -3.591048
29.481323 -7.159811
31.719980 -0.826331
27.455405 -2.255413
28.239746 -5.075741
26.293730 3.857507
14.577939 10.788923
28.016118 -7.605892
27.331376 -0.945076
30.345092 -2.049619
27.760322 -1.265465
29.891472 -1.435445
22.437578 6.092328
29.357434 8.935011
13.778960 0.770339
26.603011 10.272863
26.613273 -2.437808
28.104697 -2.063056
25.175531 -0.432586
26.623532 8.084018
23.651391 0.955322
22.446913 4.776112
26.959233 1.526786
15.150874 2.020723
22.972564 4.059836
19.922360 -2.065771
27.942207 -4.005518
20.909468 2.485606
27.652410 2.653369
22.244010 0.437788
22.843625 3.331338
27.318298 -1.450229
24.098746 32.386217
22.572949 32.578412
25.054826 31.796150
26.229727 30.982939
23.461185 25.128411
20.025450 24.063807
30.697035 23.236612
20.876423 31.978981
18.327240 31.119789
20.692298 27.930670
33.000766 16.208763
29.272723 28.192048
27.520346 20.412940
29.639588 22.124496
25.651432 27.615885
25.389635 27.333781
20.277269 28.049795
29.053470 20.080101
29.552702 18.912629
33.544051 22.620396
23.692507 28.291048
32.214968 35.793172
31.454289 21.354452
24.070340 31.796749
25.497203 25.623799
24.915406 19.981314
22.760383 28.063061
15.553768 24.784791
27.006345 26.019467
27.425267 27.086962
24.335979 30.735378
32.476678 24.211518
31.060749 26.370337
27.498339 18.639902
18.179917 26.319318
12.202494 24.622850
14.166307 27.447541
31.889366 25.579923
28.978065 28.341562
32.550537 25.648632
30.141625 19.812133
21.004985 30.125187
32.068298 31.528846
24.718573 17.114316
26.385675 17.935348
25.987898 26.520992
25.694128 27.146324
28.941058 31.337527
28.111598 23.578907
27.486396 32.339949
31.010263 29.453643
22.333270 36.341850
24.537830 23.600731
21.937249 26.026070
18.224518 18.257662
32.661559 24.790746
30.303042 24.717913
25.270189 22.309403
33.771680 23.310460
24.110624 27.210353
26.422352 21.717368
20.609507 32.683633
19.150224 27.932518
20.217926 15.575894
26.155106 31.085545
14.817124 25.936030
27.143291 30.038655
19.102962 26.325521
19.759841 27.159809
31.781749 20.372691
28.879399 20.264541
21.424606 21.104276
20.865765 19.746993
26.495741 20.952412
32.855331 14.460904
28.457223 19.429808
23.158160 23.421747
29.044643 30.047375
22.702737 36.556539
27.030182 32.372985
25.268120 23.656192
21.650556 29.368331
24.734202 34.631876
23.737848 23.665521
31.469707 29.794509
14.931009 27.385765
26.083602 17.040001
14.989125 18.521032
21.467972 25.930828
29.090821 20.349740
23.715835 22.634143
27.946896 34.356113
18.901659 26.096507
22.619184 27.267913
26.813562 19.185193
26.729960 21.391048
30.094664 34.116168
18.309423 31.346143
23.720411 18.048233
35.969594 18.582611
25.650494 23.439622
21.556663 21.686804
28.849711 21.122793
21.922587 19.371165
26.170826 22.711647
20.741291 26.304178
32.607618 27.606580
24.178335 15.072735
25.357938 22.354030
22.811305 16.958548
20.322827 28.668710
24.054994 24.815740
22.565919 29.666019
35.887632 22.286244
20.815703 16.454459
26.635053 23.099573
34.218218 23.649618
22.271093 37.481975
31.209003 29.161881
25.635642 14.410509
33.272690 25.315420
25.834178 31.597854
32.838481 25.878195
24.748813 29.941299
20.352847 19.445680
23.405399 28.003953
19.889432 29.948917
31.524240 19.388405
36.454401 24.202685
16.675986 34.277363
30.720913 35.416908
32.079542 31.451093
21.887417 30.417241
20.899928 28.479523
26.722009 23.271690
25.917274 22.621252
22.294711 32.007933
29.664314 32.717734
34.821086 27.296276
23.427212 27.703281
15.005227 24.061126
23.315972 22.064704
21.965386 25.005228
32.995029 21.218847
25.203251 20.514765
21.157401 29.746923
36.709592 21.016220
26.620284 29.037032
29.981072 25.926313
22.947280 23.575508
21.593589 22.080103
25.342869 25.459736
31.299846 26.628864
20.328426 27.842408
25.625251 20.457355
26.936889 23.824153
21.840853 17.867116
20.971886 22.356904
27.456795 32.062150
27.266351 23.199819
28.376212 38.521473
25.900680 34.719039
20.360069 31.905817
24.357869 23.166276
15.964444 24.017474
25.955012 26.323300
27.358963 25.685739
30.546546 22.184244
20.485089 30.305176
26.484796 28.316836
26.579922 16.581388
24.633676 27.534803
28.029390 27.900362
28.963137 30.227847
28.828992 28.572291
18.309980 22.894028
31.188670 29.500124
26.038394 19.693136
18.015141 22.364862
32.009101 20.766338
20.381107 18.469395
16.168146 29.162709
20.637936 25.307975
25.996369 29.065563
27.577839 16.577893
27.761776 26.714115
26.178149 27.711376
27.612551 20.832333
22.457430 19.635138
25.229959 21.553858
29.033695 22.028770
23.684944 29.201800
23.090940 21.152530
25.396878 29.910838
22.008394 32.644538
23.834633 30.585671
22.881389 31.975538
19.376963 24.214647
24.854469 23.105876
20.013108 21.497839
